11.6760581929172886,11.6934033895481786,11.8584608767881967,11.2672164555293417,11.5075746077107581,11.5919335132273318,11.8449447078925694,11.5288567879711632,11.7094090029204914,12.0949404883042835,11.6803640260622004,11.3279674339478884,11.618424241533198,11.7640229740635114,11.8970091107460636,11.5145376077925299,11.8045886700982443,11.7961005316608087,11.8346625430156891,12.1774683071225631
10.9109973406725267,11.1216091643550126,11.2512886169050343,10.9490434252698599,10.6807046900175759,11.3121317659149216,11.4432097324659594,11.5958577610324767,11.2539262969230016,11.1053192888139858,10.9514034004249865,10.888758946208581,11.0122494543715153,11.2733359224173491,10.94829974267107,11.2109259892687358,10.9351373740390496,11.07855411659148,11.0326258039701415,10.8584323582727951
11.4293565468043816,11.858180140126457,11.1438014248372479,12.0683754045524605,11.4432338681205579,10.6164156848186,10.9900196404724753,11.7106255877861312,11.1312174716714551,11.1131920877759036,11.4086068068108322,11.7707283867360211,11.722214978748335,11.6792107765066646,11.2939804173173162,11.3086230105046681,11.3905685729781805,11.3676452769119098,11.3435965534091139,12.0033013472584695
11.096398442021032,11.2749389801492352,11.4567386379461364,10.8414476345380297,11.0563087571068337,10.7561544684989556,10.9532106646818139,10.9986271243426188,11.2390356616497229,10.8463073640170151,10.8849691291283666,10.9257489666567036,10.6206937247043296,11.1852954585107849,10.7316803949888904,10.8598163079794823,11.6976173295106616,11.2334020093078131,11.3589797668197079,11.5096499951140583
12.2559533152178073,11.5679588173842873,12.1126653783100462,11.7833306536045921,11.4986276347241247,12.3092852096041234,12.4327717641468691,11.7566060790103872,12.2719562710734174,11.7967293378779665,12.3468749888900824,12.0865483766606907,11.6698030146790792,11.6873701283394151,11.6807051080640658,11.62171491375633,12.1434200651759419,11.6153844118818395,11.7385280730053019,11.8112378376237999
13.4296146893411112,13.0761484932586534,12.9196608465741605,12.9471398404969094,12.9806714724770398,14.2665631349447697,13.3966630823260502,13.0197126143141801,13.3199973322454852,12.6357816231011348,14.2752290209001345,12.5217853136405921,13.5488794290324304,14.2411389288520827,13.2070630365602799,13.3839948084852267,12.9281069636700536,12.1788884839935356,13.8283275365645046,12.9006329657936085
25.6135784630902954,25.6011773333448112,25.2615760751393097,23.9931496502562176,25.2878781283212994,25.1363621858102952,24.829414902265583,25.5497763918530012,25.6341302244167046,26.1281606945842917,24.7811846447604971,25.3342164600940976,25.5436850161221898,24.8415384881724854,25.9328924039196629,24.3716417180962956,25.2201913219403053,25.4455237286810636,24.050372130967606,24.6087991818926071
21.0993453886267837,21.2383072252957028,20.6182899997387068,20.8590946447621661,21.3639804267900821,21.3339727945823476,20.1922050306902321,20.6054885215014458,20.9593494750010407,20.6756894805392939,20.6440552901167926,20.5595882440926587,20.3928973655984827,19.800623244951101,21.6271035664950162,21.2815468230314018,20.8073492399461557,21.0751514705322691,21.3421660089649983,20.9970274884357266
41.1302149389906901,42.0959640005818017,44.0844257186598796,42.5098685892125445,41.0649738614633009,42.868942720737941,41.1153791788287606,42.7675965360740946,43.797845098234454,42.0396930140077174,41.3890335444697683,40.1608663937972565,38.942042145165523,44.4725420381544794,41.8474460620862772,41.6858740518749471,42.7427655008312257,44.5547537653766597,42.4638373733936731,41.6232217712989154
44.101904274042333,46.1053043029460952,44.845556400732157,43.3178154010956433,42.6239816341089934,45.4645520597687494,43.9347188865336236,44.2952262998559121,42.8746609746158072,44.5837960009424137,43.5926626544977793,43.9585324002307161,42.4629491515387443,43.5968934653708118,42.8006795773407731,43.2621748975046145,44.2316911318544612,43.3740126330109064,43.217848785017722,42.7898451656885896
43.9019047469672614,46.4544562201494386,47.1863322293162852,43.9186156101006802,44.9179794410920721,46.809086949322257,44.8813682829997163,46.6803694841327825,45.789526588796079,44.9181366898833545,46.2147776365485257,47.1311061122917536,46.1766815452059731,46.1852188446727894,46.7493733437932022,47.8146081676262185,46.4250544809283952,43.8022883162039278,47.7220557111339332,46.0866084532116034
47.5556790103785474,47.5394043672030477,47.777949779841812,45.0369827591888807,48.7125335549884255,46.5999816778003222,48.166193424335944,45.6873752827597528,49.8433857034507355,47.7812218472607242,47.188523331804312,46.4693604575966575,46.856644501567402,47.2631339984745082,47.9620965676900326,49.3089499003697895,47.3554436342362592,47.2775992883684069,50.6162886345209344,48.0069917895454026
45.9609521539876766,44.891400747035604,46.1371820657709435,44.2006620666401915,45.6961520029625134,45.7177412922241402,45.7081509035949054,47.2510466053019584,40.8585710898500665,47.3759147959089191,45.0481530074660697,45.942530080646911,44.0308858935962064,45.9470170501557575,45.1216669992789932,45.5111059472230721,50.2540186731923697,45.306880864868802,45.8495987949609969,46.9650526951533536
47.8433345260882064,49.4376918732416186,47.8007579005851326,45.6208424117851692,44.2787788588584377,48.9710098559100118,46.7476052736573067,46.8969288726530493,47.0231117165255341,47.8878797029576901,46.9663348440378385,49.721497460527317,45.8898052469839826,48.8560835533010831,47.3504321403485022,44.7074646278726249,48.1791422844425554,47.0639134937132368,47.8786720085568405,48.3726689246493251
48.2289053703661708,46.9526252571760025,49.3123919145050067,48.1659990705923704,47.9893578754299384,48.1072038284973047,46.6622043567935449,46.8368830093561783,47.6141518204949463,46.9792518077748511,48.9635544512987835,47.0874355192791896,47.1478329269372054,49.9640694470347952,47.2523131948664954,45.5632469478420532,44.4493458861775963,47.663182371143165,48.1990462278643719,48.9496256962824106
45.7082099038299461,46.8640017343495359,47.9660394904430234,48.9219019786713005,49.670880225615349,45.5966196061880567,48.7184638375081391,45.6234558731408057,45.9748629866009821,47.5785362276858876,49.4570837743605409,48.6401464702631898,48.2479889633479004,47.5343518067933815,49.4405211937635798,49.1723438175920649,48.639149890005811,51.0370554539073069,46.6928704043270315,48.5857060668105092
51.6629514671680923,51.7024968019896747,51.9066928595087091,50.6736444662049479,51.0419861752722355,51.2034460784528278,49.7910024712904828,50.2101339502845292,49.3478744660911559,49.0699466167520768,50.779068589323316,53.0907412554955656,50.0585693117920698,50.6242838926687071,52.3558930114160432,50.9587931147617113,49.3442255535920182,50.341384552978738,48.7816164577284468,48.033098232444452
47.3976869917722254,47.4020606200245069,49.0675762048236948,48.2556686683962397,46.9114510331276477,47.9884042911818867,48.3323941876926995,46.7010603106140394,45.5770855934799002,45.6819560361441077,46.571923175383013,49.6825877365092623,48.058724179272069,48.0781390839917506,48.2458541257475773,48.2120282264822464,49.9198986130982334,46.8714962884035629,47.3692547300966709,48.2461949149671838
40.4533178543937026,39.7166668205883795,40.0199112265081283,41.2048298237477013,39.253429925575972,40.9064514624731999,41.2356662036748958,39.6990487899745617,39.0434104381652958,40.5975927892459652,41.0181380868080154,40.6661163302144004,40.5536859148559543,40.9699149030945193,42.0236618579385848,40.4676039082088721,39.8880499546935567,40.0492619589587662,41.1824517381754305,41.1352773335675366
38.7884941634526186,40.1894874027575284,41.0242344734423412,40.170848787799784,40.9273177410697286,40.0087963434372824,40.2210936997066142,40.5367368605833747,39.0417675586544064,40.2921377295312269,39.0562495013921378,38.9583270923238913,41.3711354601532193,38.4679687506719716,38.5601137982791258,38.4398670094685428,39.4944845731199052,41.1661070354830727,42.9236636798731226,39.9835346510863943
30.6526795087854715,30.719289153162979,31.13524044069068,32.1217009118131926,32.2689022885765269,30.6237527977799822,32.3620925224960772,30.9812806314110745,31.7434572115188729,31.011978883693871,31.6948742422392939,32.4396603016508323,31.6252359434528749,32.119541752958213,31.7486413245418078,32.2584910223906007,31.3101565532404749,31.935853757684054,31.3632744056883439,30.7889495147540977
30.0902180853802648,28.2942567766976971,30.3689705888768167,29.7019230573037873,29.3837485762372239,31.3662430950548838,29.8639491589798851,30.5842627976669199,29.6299182588382024,31.1339284586438616,30.0912713528185378,30.3876594900276444,30.6790246473727528,31.2069781378711433,30.0665477417671809,27.8776753549003473,28.9743125439556657,31.1035667986325031,29.645181714994397,30.4869445648706403
12.8273785447466455,12.5053241107641071,12.298506306519764,13.10984429218286,12.1674353467445151,12.7258433437312846,11.8893410800255008,12.4371931883194726,12.5460539420386183,12.1867641615385871,12.7848534460284977,13.1495644748473755,12.5011701009812253,12.5534845326882483,12.8843025191923513,12.6433985850875423,12.5283154339665384,13.2024185702897565,12.3731276158611525,12.687563223360657
10.1218912592764347,10.6880346906167496,10.8036448440800914,11.0689868509942766,10.544407981833352,10.8272030121241087,11.5931423902615975,10.3073991102068003,11.1805497618439968,10.5310757901773009,11.0371381508093016,10.7808187136553357,10.2053005421527736,10.9197142757490706,10.5418383387925054,11.3305188602903364,10.2193836112714322,11.0075493508151787,11.291863672800897,10.5083090224525701
